goal:
  x: -0.05685248225927353
  y: 8.12781810760498
  z: 0.00250244140625
